1
12825
